a = 5, b = 5
0.5
prices: [(0.5, 0.5)]
population: [(0.5, 0.5)]
profits: [0.5]

a = 5, b = 5
0.9385132895418503
prices: [(0.99, 0.29), (0.99, 0.15)]
population: [(0.01, 0.71), (0.72, 0.85)]
profits: [0.2158, 0.9385132895418503]

a = 5, b = 5
1.1019233479203683
prices: [(0.58, 0.99), (0.17, 0.99), (0.18, 0.99)]
population: [(0.42, 0.01), (0.83, 0.47), (0.91, 0.78)]
profits: [0.2535, 0.78253867232165, 1.1019233479203683]

a = 5, b = 5
1.2429370827841633
prices: [(0.97, 0.44), (0.99, 0.65), (0.38, 0.99), (0.37, 0.68)]
population: [(0.03, 0.56), (0.61, 0.35), (0.76, 0.65), (0.88, 0.83)]
profits: [0.2755000000000001, 0.7195338541981644, 1.0790510596793985, 1.2429370827841633]

a = 5, b = 5
1.3486733288431731
prices: [(0.45, 0.97), (0.82, 0.99), (0.99, 0.68), (0.4, 0.99), (0.36, 0.65)]
population: [(0.55, 0.03), (0.18, 0.61), (0.65, 0.41), (0.78, 0.68), (0.89, 0.84)]
profits: [0.27660000000000007, 0.5464226926591532, 0.8828556902123295, 1.2051312252784292, 1.3486733288431731]

a = 5, b = 5
1.4383633477089768
prices: [(0.97, 0.5), (0.99, 0.88), (0.81, 0.99), (0.99, 0.69), (0.43, 0.99), (0.35, 0.66)]
population: [(0.03, 0.5), (0.56, 0.12), (0.24, 0.61), (0.65, 0.46), (0.79, 0.68), (0.89, 0.84)]
profits: [0.2791, 0.47286918865107025, 0.7067767280568452, 1.0160014639921213, 1.2963653884947968, 1.4383633477089768]

a = 5, b = 5
1.517603384286035
prices: [(0.5, 0.97), (0.91, 0.99), (0.99, 0.89), (0.84, 0.99), (0.99, 0.64), (0.43, 0.98), (0.35, 0.63)]
population: [(0.5, 0.03), (0.09, 0.56), (0.61, 0.14), (0.23, 0.65), (0.68, 0.49), (0.8, 0.7), (0.9, 0.85)]
profits: [0.2791, 0.43440975609756094, 0.5839822567375301, 0.7777268989959913, 1.125212833719464, 1.3886106306628465, 1.517603384286035]

a = 5, b = 5
1.5881714180788586
prices: [(0.97, 0.56), (0.98, 0.9), (0.94, 0.99), (0.99, 0.92), (0.8, 0.99), (0.99, 0.65), (0.44, 0.98), (0.35, 0.63)]
population: [(0.03, 0.44), (0.5, 0.1), (0.1, 0.56), (0.61, 0.12), (0.25, 0.65), (0.68, 0.5), (0.8, 0.7), (0.9, 0.85)]
profits: [0.2755, 0.43572054089928636, 0.519596731375477, 0.627642614775566, 0.8711952824805649, 1.2043989543107427, 1.4591786644556701, 1.5881714180788586]

a = 5, b = 5
1.654428398959551
prices: [(0.56, 0.97), (0.9, 0.98), (0.99, 0.94), (0.94, 0.99), (0.99, 0.92), (0.8, 0.99), (0.99, 0.65), (0.44, 0.99), (0.35, 0.61)]
population: [(0.44, 0.03), (0.1, 0.5), (0.56, 0.1), (0.1, 0.61), (0.65, 0.12), (0.25, 0.68), (0.7, 0.5), (0.8, 0.71), (0.9, 0.85)]
profits: [0.2755, 0.43572054089928636, 0.519596731375477, 0.6010140433469948, 0.7020863983298901, 0.9413799066916955, 1.2740512317434554, 1.5309198307772718, 1.654428398959551]

a = 5, b = 5
1.7122777504695388
prices: [(0.97, 0.61), (0.98, 0.9), (0.94, 0.98), (0.99, 0.94), (0.94, 0.99), (0.99, 0.92), (0.8, 0.99), (0.99, 0.65), (0.44, 0.99), (0.35, 0.61)]
population: [(0.03, 0.39), (0.44, 0.1), (0.1, 0.5), (0.56, 0.1), (0.1, 0.61), (0.65, 0.12), (0.25, 0.68), (0.7, 0.5), (0.8, 0.71), (0.9, 0.85)]
profits: [0.267, 0.41470183201438443, 0.4935698924092741, 0.5774460828854648, 0.6588633948569826, 0.7599357498398779, 0.9992292582016833, 1.3319005832534432, 1.5887691822872596, 1.7122777504695388]

